0.00046327
0.0018531
0.0041694
0.0074122
0.011582
0.016677
0.0227
0.029648
0.037523
0.046325
0.056052
0.066706
0.078286
0.090792
0.10422
0.11858
0.13387
0.15008
0.16721
0.18527
0.20426
0.22417
0.24501
0.26677
0.28946
0.31307
0.33761
0.36307
0.38946
0.41677
0.44501
0.47417
0.50425
0.53526
0.56719
0.60005
0.63383
0.66853
0.70415
0.7407
0.77817
0.81657
0.85588
0.89612
0.93728
0.97936
1.0224
1.0663
1.1111
1.1569
1.2036
1.2512
1.2997
1.3491
1.3995
1.4508
1.503
1.5561
1.6102
1.6651
1.721
1.7778
1.8355
1.8941
1.9537
2.0141
2.0755
2.1378
2.201
2.2651
2.3301
2.3961
2.4629
2.5307
2.5994
2.669
2.7395
2.811
2.8833
2.9565
3.0307
3.1058
3.1818
3.2586
3.3364
3.4151
3.4948
3.5753
3.6567
3.7391
3.8223
3.9065
3.9915
4.0775
4.1644
4.2521
4.3408
4.4304
4.5209
4.6123
4.7045
4.7977
4.8918
4.9868
5.0827
5.1795
5.2772
5.3758
5.4753
5.5757
5.6769
5.7791
5.8822
5.9862
6.091
6.1968
6.3034
6.411
6.5194
6.6288
6.739
6.8501
6.9621
7.075
7.1888
7.3034
7.419
7.5354
7.6528
7.771
7.8901
8.0101
8.131
8.2527
8.3754
8.4989
8.6233
8.7486
8.8747
9.0018
9.1297
9.2585
9.3882
9.5187
9.6501
9.7825
9.9156
10.05
10.185
10.32
10.457
10.595
10.733
10.872
11.012
11.154
11.295
11.438
11.582
11.726
11.872
12.018
12.165
12.313
12.462
12.611
12.762
12.913
13.065
13.219
13.372
13.527
13.683
13.839
13.997
14.155
14.314
14.474
14.635
14.796
14.959
15.122
15.286
15.451
15.617
15.784
15.952
16.12
16.289
16.459
16.63
16.802
16.974
17.148
17.322
17.497
17.673
17.85
18.027
18.206
18.385
18.565
18.746
18.928
19.11
19.294
19.478
19.663
19.849
20.036
20.223
20.411
20.601
20.791
20.981
21.173
21.365
21.558
21.752
21.947
22.143
22.339
22.537
22.735
22.934
23.133
23.334
23.535
23.737
23.94
24.144
24.348
24.554
24.76
24.967
25.174
25.383
25.592
25.802
26.013
26.224
26.437
26.65
26.864
27.079
27.294
27.511
27.728
27.946
28.164
28.384
28.604
28.825
29.047
29.269
29.493
29.717
29.942
30.167
30.394
30.621
30.849
31.078
31.307
31.537
31.768
32
32.232
32.466
32.7
32.934
33.17
33.406
33.643
33.881
34.12
34.359
34.599
34.839
35.081
35.323
35.566
35.81
36.054
36.299
36.545
36.792
37.039
37.287
37.536
37.786
38.036
38.287
38.539
38.791
39.045
39.298
39.553
39.808
40.064
40.321
40.579
40.837
41.096
41.355
41.616
41.877
42.138
42.401
42.664
42.928
43.192
43.458
43.723
43.99
44.257
44.525
44.794
45.063
45.334
45.604
45.876
46.148
46.421
46.694
46.968
47.243
47.519
47.795
48.072
48.349
48.628
48.906
49.186
49.466
49.747
50.029
50.311
50.594
50.877
51.161
51.446
51.732
52.018
52.305
52.592
52.88
53.169
53.458
53.748
54.039
54.33
54.622
54.915
55.208
55.502
55.797
56.092
56.387
56.684
56.981
57.278
57.577
57.876
58.175
58.475
58.776
59.077
59.379
59.682
59.985
60.289
60.593
60.898
61.204
61.51
61.817
62.124
62.432
62.741
63.05
63.36
63.67
63.981
64.293
64.605
64.918
65.231
65.545
65.859
66.174
66.49
66.806
67.123
67.44
67.758
68.077
68.396
68.715
69.036
69.356
69.678
69.999
70.322
70.645
70.968
71.292
71.617
71.942
72.268
72.594
72.921
73.248
73.576
73.905
74.234
74.563
74.893
75.224
75.555
75.886
76.218
76.551
76.884
77.218
77.552
77.887
78.222
78.558
78.894
79.231
79.568
79.906
80.244
80.583
80.922
81.262
81.602
81.943
82.284
82.626
82.968
83.311
83.654
83.998
84.342
84.687
85.032
85.378
85.724
86.07
86.417
86.765
87.113
87.461
87.81
88.16
88.509
88.86
89.21
89.562
89.913
90.265
90.618
90.971
91.324
91.678
92.032
92.387
92.742
93.098
93.454
93.811
94.168
94.525
94.883
95.241
95.6
95.959
96.318
96.678
97.038
97.399
97.76
98.122
98.483
98.846
99.209
99.572
99.935
100.3
100.66
101.03
101.39
101.76
102.12
102.49
102.86
103.22
103.59
103.96
104.33
104.7
105.07
105.44
105.8
106.17
106.55
106.92
107.29
107.66
108.03
108.4
108.78
109.15
109.52
109.89
110.27
110.64
111.02
111.39
111.77
112.14
112.52
112.9
113.27
113.65
114.03
114.4
114.78
115.16
115.54
115.92
116.3
116.68
117.06
117.44
117.82
118.2
118.58
118.96
119.34
119.72
120.11
120.49
120.87
121.25
121.64
122.02
122.4
122.79
123.17
123.56
123.94
124.33
124.71
125.1
125.49
125.87
126.26
126.65
127.03
127.42
127.81
128.2
128.58
128.97
129.36
129.75
130.14
130.53
130.92
131.31
131.7
132.09
132.48
132.87
133.26
133.65
134.04
134.43
134.83
135.22
135.61
136
136.4
136.79
137.18
137.57
137.97
138.36
138.76
139.15
139.54
139.94
140.33
140.73
141.12
141.52
141.91
142.31
142.7
143.1
143.5
143.89
144.29
144.69
145.08
145.48
145.88
146.27
146.67
147.07
147.46
147.86
148.26
148.66
149.06
149.45
149.85
150.25
150.65
151.05
151.45
151.85
152.25
152.65
153.05
153.44
153.84
154.24
154.64
155.04
155.44
155.84
156.24
156.65
157.05
157.45
157.85
158.25
158.65
159.05
159.45
159.85
160.25
160.65
161.06
161.46
161.86
162.26
162.66
163.06
163.47
163.87
164.27
164.67
165.07
165.47
165.88
166.28
166.68
167.08
167.49
167.89
168.29
168.69
169.1
169.5
169.9
170.3
170.71
171.11
171.51
171.91
172.32
172.72
173.12
173.52
173.93
174.33
174.73
175.13
175.54
175.94
176.34
176.74
177.15
177.55
177.95
178.36
178.76
179.16
179.56
179.97
180.37
180.77
181.17
181.58
181.98
182.38
182.78
183.18
183.59
183.99
184.39
184.79
185.2
185.6
186
186.4
186.8
187.2
187.61
188.01
188.41
188.81
189.21
189.61
190.01
190.42
190.82
191.22
191.62
192.02
192.42
192.82
193.22
193.62
194.02
194.42
194.82
195.22
195.62
196.02
196.42
196.82
197.22
197.62
198.02
198.42
198.82
199.22
199.62
200.01
200.41
200.81
201.21
201.61
202
202.4
202.8
203.2
203.59
203.99
204.39
204.79
205.18
205.58
205.98
206.37
206.77
207.16
207.56
207.96
208.35
208.75
209.14
209.54
209.93
210.32
210.72
211.11
211.51
211.9
212.29
212.69
213.08
213.47
213.87
214.26
214.65
215.04
215.44
215.83
216.22
216.61
217
217.39
217.78
218.17
218.56
218.95
219.34
219.73
220.12
220.51
220.9
221.29
221.67
222.06
222.45
222.84
223.23
223.61
224
224.39
224.77
225.16
225.54
225.93
226.31
226.7
227.08
227.47
227.85
228.23
228.62
229
229.38
229.77
230.15
230.53
230.91
231.29
231.68
232.06
232.44
232.82
233.2
233.58
233.96
234.33
234.71
235.09
235.47
235.85
236.22
236.6
236.98
237.36
237.73
238.11
238.48
238.86
239.23
239.61
239.98
240.35
240.73
241.1
241.47
241.85
242.22
242.59
242.96
243.33
243.7
244.07
244.44
244.81
245.18
245.55
245.92
246.29
246.65
247.02
247.39
247.75
248.12
248.48
248.85
249.21
249.58
249.94
250.31
250.67
251.03
251.4
251.76
252.12
252.48
252.84
253.2
253.56
253.92
254.28
254.64
255
255.36
255.71
256.07
256.43
256.78
257.14
257.49
257.85
258.2
258.56
258.91
259.26
259.62
259.97
260.32
260.67
261.02
261.37
261.72
262.07
262.42
262.77
263.12
263.47
263.81
264.16
264.51
264.85
265.2
265.54
265.89
266.23
266.57
266.92
267.26
267.6
267.94
268.28
268.62
268.96
269.3
269.64
269.98
270.32
270.66
270.99
271.33
271.67
272
272.34
272.67
273
273.34
273.67
274
274.33
274.67
275
275.33
275.66
275.99
276.31
276.64
276.97
277.3
277.62
277.95
278.27
278.6
278.92
279.25
279.57
279.89
280.22
280.54
280.86
281.18
281.5
281.82
282.14
282.45
282.77
283.09
283.4
283.72
284.04
284.35
284.66
284.98
285.29
285.6
285.92
286.23
286.54
286.85
287.16
287.46
287.77
288.08
288.39
288.69
289
289.31
289.61
289.91
290.22
290.52
290.82
291.12
291.42
291.72
292.02
292.32
292.62
292.92
293.22
293.51
293.81
294.11
294.4
294.69
294.99
295.28
295.57
295.86
296.15
296.45
296.73
297.02
297.31
297.6
297.89
298.17
298.46
298.74
299.03
299.31
299.59
299.88
300.16
300.44
300.72
301
301.28
301.56
301.84
302.11
302.39
302.67
302.94
303.21
303.49
303.76
304.03
304.31
304.58
304.85
305.12
305.39
305.65
305.92
306.19
306.45
306.72
306.98
307.25
307.51
307.77
308.04
308.3
308.56
308.82
309.08
309.34
309.59
309.85
310.11
310.36
310.62
310.87
311.12
311.38
311.63
311.88
312.13
312.38
312.63
312.88
313.13
313.37
313.62
313.86
314.11
314.35
314.6
314.84
315.08
315.32
315.56
315.8
316.04
316.28
316.51
316.75
316.99
317.22
317.46
317.69
317.92
318.15
318.39
318.62
318.85
319.07
319.3
319.53
319.76
319.98
320.21
320.43
320.66
320.88
321.1
321.32
321.54
321.76
321.98
322.2
322.42
322.63
322.85
323.06
323.28
323.49
323.7
323.92
324.13
324.34
324.55
324.76
324.96
325.17
325.38
325.58
325.79
325.99
326.2
326.4
326.6
326.8
327
327.2
327.4
327.59
327.79
327.99
328.18
328.38
328.57
328.76
328.95
329.15
329.34
329.53
329.71
329.9
330.09
330.28
330.46
330.64
330.83
331.01
331.19
331.37
331.55
331.73
331.91
332.09
332.27
332.44
332.62
332.79
332.97
333.14
333.31
333.48
333.65
333.82
333.99
334.16
334.33
334.49
334.66
334.82
334.99
335.15
335.31
335.47
335.63
335.79
335.95
336.11
336.26
336.42
336.58
336.73
336.88
337.04
337.19
337.34
337.49
337.64
337.79
337.93
338.08
338.23
338.37
338.51
338.66
338.8
338.94
339.08
339.22
339.36
339.5
339.63
339.77
339.91
340.04
340.17
340.31
340.44
340.57
340.7
340.83
340.96
341.08
341.21
341.34
341.46
341.58
341.71
341.83
341.95
342.07
342.19
342.31
342.43
342.54
342.66
342.77
342.89
343
343.11
343.22
343.33
343.44
343.55
343.66
343.77
343.87
343.98
344.08
344.19
344.29
344.39
344.49
344.59
344.69
344.79
344.89
344.98
345.08
345.17
345.26
345.36
345.45
345.54
345.63
345.72
345.81
345.89
345.98
346.07
346.15
346.23
346.32
346.4
346.48
346.56
346.64
346.72
346.79
346.87
346.94
347.02
347.09
347.17
347.24
347.31
347.38
347.45
347.51
347.58
347.65
347.71
347.78
347.84
347.9
347.97
348.03
348.09
348.15
348.2
348.26
348.32
348.37
348.43
348.48
348.53
348.58
348.63
348.68
348.73
348.78
348.83
348.87
348.92
348.96
349.01
349.05
349.09
349.13
349.17
349.21
349.25
349.28
349.32
349.35
349.39
349.42
349.45
349.49
349.52
349.55
349.57
349.6
349.63
349.65
349.68
349.7
349.73
349.75
349.77
349.79
349.81
349.83
349.84
349.86
349.88
349.89
349.9
349.92
349.93
349.94
349.95
349.96
349.97
349.98
349.98
349.99
349.99
349.99
350
350
350
350
350
350
350
350
350
350
349.99
349.99
349.99
349.99
349.99
349.99
349.98
349.98
349.98
349.98
349.97
349.97
349.97
349.96
349.96
349.96
349.95
349.95
349.94
349.94
349.93
349.93
349.93
349.92
349.91
349.91
349.9
349.9
349.89
349.89
349.88
349.87
349.87
349.86
349.85
349.85
349.84
349.83
349.82
349.81
349.81
349.8
349.79
349.78
349.77
349.76
349.75
349.75
349.74
349.73
349.72
349.71
349.7
349.69
349.68
349.67
349.66
349.64
349.63
349.62
349.61
349.6
349.59
349.58
349.56
349.55
349.54
349.53
349.51
349.5
349.49
349.47
349.46
349.45
349.43
349.42
349.4
349.39
349.38
349.36
349.35
349.33
349.32
349.3
349.29
349.27
349.25
349.24
349.22
349.21
349.19
349.17
349.16
349.14
349.12
349.1
349.09
349.07
349.05
349.03
349.01
349
348.98
348.96
348.94
348.92
348.9
348.88
348.86
348.84
348.82
348.8
348.78
348.76
348.74
348.72
348.7
348.68
348.66
348.64
348.61
348.59
348.57
348.55
348.53
348.5
348.48
348.46
348.44
348.41
348.39
348.37
348.34
348.32
348.3
348.27
348.25
348.22
348.2
348.17
348.15
348.12
348.1
348.07
348.05
348.02
347.99
347.97
347.94
347.92
347.89
347.86
347.84
347.81
347.78
347.75
347.73
347.7
347.67
347.64
347.61
347.58
347.56
347.53
347.5
347.47
347.44
347.41
347.38
347.35
347.32
347.29
347.26
347.23
347.2
347.17
347.14
347.11
347.07
347.04
347.01
346.98
346.95
346.92
346.88
346.85
346.82
346.79
346.75
346.72
346.69
346.65
346.62
346.58
346.55
346.52
346.48
346.45
346.41
346.38
346.34
346.31
346.27
346.24
346.2
346.17
346.13
346.09
346.06
346.02
345.98
345.95
345.91
345.87
345.84
345.8
345.76
345.72
345.68
345.65
345.61
345.57
345.53
345.49
345.45
345.41
345.37
345.34
345.3
345.26
345.22
345.18
345.14
345.09
345.05
345.01
344.97
344.93
344.89
344.85
344.81
344.76
344.72
344.68
344.64
344.6
344.55
344.51
344.47
344.42
344.38
344.34
344.29
344.25
344.21
344.16
344.12
344.07
344.03
343.98
343.94
343.89
343.85
343.8
343.76
343.71
343.67
343.62
343.57
343.53
343.48
343.43
343.39
343.34
343.29
343.25
343.2
343.15
343.1
343.05
343.01
342.96
342.91
342.86
342.81
342.76
342.71
342.66
342.61
342.56
342.51
342.46
342.41
342.36
342.31
342.26
342.21
342.16
342.11
342.06
342.01
341.96
341.9
341.85
341.8
341.75
341.69
341.64
341.59
341.54
341.48
341.43
341.38
341.32
341.27
341.22
341.16
341.11
341.05
341
340.94
340.89
340.83
340.78
340.72
340.67
340.61
340.56
340.5
340.44
340.39
340.33
340.27
340.22
340.16
340.1
340.05
339.99
339.93
339.87
339.82
339.76
339.7
339.64
339.58
339.52
339.46
339.41
339.35
339.29
339.23
339.17
339.11
339.05
338.99
338.93
338.87
338.81
338.75
338.68
338.62
338.56
338.5
338.44
338.38
338.32
338.25
338.19
338.13
338.07
338
337.94
337.88
337.81
337.75
337.69
337.62
337.56
337.5
337.43
337.37
337.3
337.24
337.17
337.11
337.04
336.98
336.91
336.85
336.78
336.72
336.65
336.58
336.52
336.45
336.38
336.32
336.25
336.18
336.12
336.05
335.98
335.91
335.84
335.78
335.71
335.64
335.57
335.5
335.43
335.37
335.3
335.23
335.16
335.09
335.02
334.95
334.88
334.81
334.74
334.67
334.6
334.52
334.45
334.38
334.31
334.24
334.17
334.1
334.02
333.95
333.88
333.81
333.74
333.66
333.59
333.52
333.44
333.37
333.3
333.22
333.15
333.07
333
332.93
332.85
332.78
332.7
332.63
332.55
332.48
332.4
332.33
332.25
332.18
332.1
332.02
331.95
331.87
331.79
331.72
331.64
331.56
331.49
331.41
331.33
331.25
331.18
331.1
331.02
330.94
330.86
330.78
330.71
330.63
330.55
330.47
330.39
330.31
330.23
330.15
330.07
329.99
329.91
329.83
329.75
329.67
329.59
329.51
329.43
329.35
329.26
329.18
329.1
329.02
328.94
328.85
328.77
328.69
328.61
328.52
328.44
328.36
328.28
328.19
328.11
328.02
327.94
327.86
327.77
327.69
327.6
327.52
327.44
327.35
327.27
327.18
327.09
327.01
326.92
326.84
326.75
326.67
326.58
326.49
326.41
326.32
326.23
326.15
326.06
325.97
325.89
325.8
325.71
325.62
325.53
325.45
325.36
325.27
325.18
325.09
325
324.91
324.83
324.74
324.65
324.56
324.47
324.38
324.29
324.2
324.11
324.02
323.93
323.84
323.75
323.65
323.56
323.47
323.38
323.29
323.2
323.11
323.01
322.92
322.83
322.74
322.64
322.55
322.46
322.37
322.27
322.18
322.09
321.99
321.9
321.8
321.71
321.62
321.52
321.43
321.33
321.24
321.14
321.05
320.95
320.86
320.76
320.67
320.57
320.48
320.38
320.28
320.19
320.09
319.99
319.9
319.8
319.7
319.61
319.51
319.41
319.31
319.22
319.12
319.02
318.92
318.82
318.73
318.63
318.53
318.43
318.33
318.23
318.13
318.03
317.93
317.83
317.73
317.63
317.53
317.43
317.33
317.23
317.13
317.03
316.93
316.83
316.73
316.63
316.53
316.42
316.32
316.22
316.12
316.02
315.91
315.81
315.71
315.61
315.5
315.4
315.3
315.19
315.09
314.99
314.88
314.78
314.68
314.57
314.47
314.36
314.26
314.16
314.05
313.95
313.84
313.74
313.63
313.52
313.42
313.31
313.21
313.1
313
312.89
312.78
312.68
312.57
312.46
312.36
312.25
312.14
312.04
311.93
311.82
311.71
311.61
311.5
311.39
311.28
311.17
311.06
310.96
310.85
310.74
310.63
310.52
310.41
310.3
310.19
310.08
309.97
309.86
309.75
309.64
309.53
309.42
309.31
309.2
309.09
308.98
308.87
308.76
308.64
308.53
308.42
308.31
308.2
308.09
307.97
307.86
307.75
307.64
307.52
307.41
307.3
307.19
307.07
306.96
306.85
306.73
306.62
306.5
306.39
306.28
306.16
306.05
305.93
305.82
305.7
305.59
305.47
305.36
305.24
305.13
305.01
304.9
304.78
304.67
304.55
304.43
304.32
304.2
304.09
303.97
303.85
303.74
303.62
303.5
303.38
303.27
303.15
303.03
302.91
302.8
302.68
302.56
302.44
302.32
302.21
302.09
301.97
301.85
301.73
301.61
301.49
301.37
301.25
301.13
301.01
300.89
300.77
300.65
300.53
300.41
300.29
300.17
300.05
299.93
299.81
299.69
299.57
299.45
299.33
299.2
299.08
298.96
298.84
298.72
298.59
298.47
298.35
298.23
298.1
297.98
297.86
297.74
297.61
297.49
297.37
297.24
297.12
297
296.87
296.75
296.62
296.5
296.38
296.25
296.13
296
295.88
295.75
295.63
295.5
295.38
295.25
295.13
295
294.88
294.75
294.62
294.5
294.37
294.25
294.12
293.99
293.87
293.74
293.61
293.49
293.36
293.23
293.1
292.98
292.85
292.72
292.59
292.47
292.34
292.21
292.08
291.95
291.82
291.7
291.57
291.44
291.31
291.18
291.05
290.92
290.79
290.66
290.53
290.4
290.27
290.15
290.02
289.88
289.75
289.62
289.49
289.36
289.23
289.1
288.97
288.84
288.71
288.58
288.45
288.31
288.18
288.05
287.92
287.79
287.66
287.52
287.39
287.26
287.13
286.99
286.86
286.73
286.6
286.46
286.33
286.2
286.06
285.93
285.8
285.66
285.53
285.4
285.26
285.13
284.99
284.86
284.72
284.59
284.46
284.32
284.19
284.05
283.92
283.78
283.65
283.51
283.37
283.24
283.1
282.97
282.83
282.7
282.56
282.42
282.29
282.15
282.01
281.88
281.74
281.6
281.47
281.33
281.19
281.06
280.92
280.78
280.64
280.51
280.37
280.23
280.09
279.95
279.82
279.68
279.54
279.4
279.26
279.12
278.99
278.85
278.71
278.57
278.43
278.29
278.15
278.01
277.87
277.73
277.59
277.45
277.31
277.17
277.03
276.89
276.75
276.61
276.47
276.33
276.19
276.05
275.91
275.77
275.63
275.48
275.34
275.2
275.06
274.92
274.78
274.63
274.49
274.35
274.21
274.07
273.92
273.78
273.64
273.5
273.35
273.21
273.07
272.93
272.78
272.64
272.5
272.35
272.21
272.07
271.92
271.78
271.63
271.49
271.35
271.2
271.06
270.91
270.77
270.62
270.48
270.34
270.19
270.05
269.9
269.76
269.61
269.47
269.32
269.17
269.03
268.88
268.74
268.59
268.45
268.3
268.15
268.01
267.86
267.72
267.57
267.42
267.28
267.13
266.98
266.84
266.69
266.54
266.39
266.25
266.1
265.95
265.81
265.66
265.51
265.36
265.21
265.07
264.92
264.77
264.62
264.47
264.33
264.18
264.03
263.88
263.73
263.58
263.43
263.28
263.14
262.99
262.84
262.69
262.54
262.39
262.24
262.09
261.94
261.79
261.64
261.49
261.34
261.19
261.04
260.89
260.74
260.59
260.44
260.29
260.14
259.99
259.84
259.68
259.53
259.38
259.23
259.08
258.93
258.78
258.63
258.47
258.32
258.17
258.02
257.87
257.71
257.56
257.41
257.26
257.11
256.95
256.8
256.65
256.49
256.34
256.19
256.04
255.88
255.73
255.58
255.42
255.27
255.12
254.96
254.81
254.66
254.5
254.35
254.2
254.04
253.89
253.73
253.58
253.42
253.27
253.12
252.96
252.81
252.65
252.5
252.34
252.19
252.03
251.88
251.72
251.57
251.41
251.26
251.1
250.95
250.79
250.64
250.48
250.32
250.17
250.01
249.86
249.7
249.54
249.39
249.23
249.08
248.92
248.76
248.61
248.45
248.29
248.14
247.98
247.82
247.67
247.51
247.35
247.19
247.04
246.88
246.72
246.57
246.41
246.25
246.09
245.93
245.78
245.62
245.46
245.3
245.15
244.99
244.83
244.67
244.51
244.35
244.2
244.04
243.88
243.72
243.56
243.4
243.24
243.08
242.93
242.77
242.61
242.45
242.29
242.13
241.97
241.81
241.65
241.49
241.33
241.17
241.01
240.85
240.69
240.53
240.37
240.21
240.05
239.89
239.73
239.57
239.41
239.25
239.09
238.93
238.77
238.61
238.45
238.29
238.12
237.96
237.8
237.64
237.48
237.32
237.16
237
236.84
236.67
236.51
236.35
236.19
236.03
235.87
235.7
235.54
235.38
235.22
235.06
234.89
234.73
234.57
234.41
234.24
234.08
233.92
233.76
233.59
233.43
233.27
233.11
232.94
232.78
232.62
232.45
232.29
232.13
231.97
231.8
231.64
231.48
231.31
231.15
230.99
230.82
230.66
230.49
230.33
230.17
230
229.84
229.68
229.51
229.35
229.18
229.02
228.86
228.69
228.53
228.36
228.2
228.03
227.87
227.7
227.54
227.38
227.21
227.05
226.88
226.72
226.55
226.39
226.22
226.06
225.89
225.73
225.56
225.4
225.23
225.07
224.9
224.73
224.57
224.4
224.24
224.07
223.91
223.74
223.58
223.41
223.24
223.08
222.91
222.75
222.58
222.41
222.25
222.08
221.91
221.75
221.58
221.42
221.25
221.08
220.92
220.75
220.58
220.42
220.25
220.08
219.92
219.75
219.58
219.42
219.25
219.08
218.92
218.75
218.58
218.41
218.25
218.08
217.91
217.74
217.58
217.41
217.24
217.07
216.91
216.74
216.57
216.4
216.24
216.07
215.9
215.73
215.57
215.4
215.23
215.06
214.89
214.73
214.56
214.39
214.22
214.05
213.89
213.72
213.55
213.38
213.21
213.04
212.87
212.71
212.54
212.37
212.2
212.03
211.86
211.69
211.53
211.36
211.19
211.02
210.85
210.68
210.51
210.34
210.17
210.01
209.84
209.67
209.5
209.33
209.16
208.99
208.82
208.65
208.48
208.31
208.14
207.97
207.8
207.64
207.47
207.3
207.13
206.96
206.79
206.62
206.45
206.28
206.11
205.94
205.77
205.6
205.43
205.26
205.09
204.92
204.75
204.58
204.41
204.24
204.07
203.9
203.73
203.56
203.39
203.22
203.05
202.88
202.71
202.54
202.36
202.19
202.02
201.85
201.68
201.51
201.34
201.17
201
200.83
200.66
200.49
200.32
200.15
199.98
199.81
199.63
199.46
199.29
199.12
198.95
198.78
198.61
198.44
198.27
198.1
197.92
197.75
197.58
197.41
197.24
197.07
196.9
196.73
196.56
196.38
196.21
196.04
195.87
195.7
195.53
195.36
195.18
195.01
194.84
194.67
194.5
194.33
194.16
193.98
193.81
193.64
193.47
193.3
193.13
192.95
192.78
192.61
192.44
192.27
192.1
191.92
191.75
191.58
191.41
191.24
191.06
190.89
190.72
190.55
190.38
190.21
190.03
189.86
189.69
189.52
189.35
189.17
189
188.83
188.66
188.49
188.31
188.14
187.97
187.8
187.63
187.45
187.28
187.11
186.94
186.76
186.59
186.42
186.25
186.08
185.9
185.73
185.56
185.39
185.21
185.04
184.87
184.7
184.53
184.35
184.18
184.01
183.84
183.66
183.49
183.32
183.15
182.97
182.8
182.63
182.46
182.28
182.11
181.94
181.77
181.59
181.42
181.25
181.08
180.9
180.73
180.56
180.39
180.21
180.04
179.87
179.7
179.52
179.35
179.18
179.01
178.83
178.66
178.49
178.32
178.14
177.97
177.8
177.63
177.45
177.28
177.11
176.94
176.76
176.59
176.42
176.25
176.07
175.9
175.73
175.56
175.38
175.21
175.04
174.87
174.69
174.52
174.35
174.18
174
173.83
173.66
173.49
173.31
173.14
172.97
172.79
172.62
172.45
172.28
172.1
171.93
171.76
171.59
171.41
171.24
171.07
170.9
170.72
170.55
170.38
170.21
170.03
169.86
169.69
169.52
169.34
169.17
169
168.83
168.65
168.48
168.31
168.14
167.96
167.79
167.62
167.45
167.28
167.1
166.93
166.76
166.59
166.41
166.24
166.07
165.9
165.72
165.55
165.38
165.21
165.03
164.86
164.69
164.52
164.35
164.17
164
163.83
163.66
163.48
163.31
163.14
162.97
162.8
162.62
162.45
162.28
162.11
161.93
161.76
161.59
161.42
161.25
161.07
160.9
160.73
160.56
160.39
160.21
160.04
159.87
159.7
159.53
159.36
159.18
159.01
158.84
158.67
158.5
158.32
158.15
157.98
157.81
157.64
157.47
157.29
157.12
156.95
156.78
156.61
156.44
156.26
156.09
155.92
155.75
155.58
155.41
155.23
155.06
154.89
154.72
154.55
154.38
154.21
154.03
153.86
153.69
153.52
153.35
153.18
153.01
152.84
152.66
152.49
152.32
152.15
151.98
151.81
151.64
151.47
151.3
151.13
150.95
150.78
150.61
150.44
150.27
150.1
149.93
149.76
149.59
149.42
149.25
149.08
148.9
148.73
148.56
148.39
148.22
148.05
147.88
147.71
147.54
147.37
147.2
147.03
146.86
146.69
146.52
146.35
146.18
146.01
145.84
145.67
145.5
145.33
145.16
144.99
144.82
144.65
144.48
144.31
144.14
143.97
143.8
143.63
143.46
143.29
143.12
142.95
142.78
142.61
142.44
142.27
142.1
141.93
141.76
141.59
141.42
141.25
141.08
140.92
140.75
140.58
140.41
140.24
140.07
139.9
139.73
139.56
139.39
139.22
139.06
138.89
138.72
138.55
138.38
138.21
138.04
137.87
137.71
137.54
137.37
137.2
137.03
136.86
136.69
136.53
136.36
136.19
136.02
135.85
135.69
135.52
135.35
135.18
135.01
134.84
134.68
134.51
134.34
134.17
134.01
133.84
133.67
133.5
133.33
133.17
133
132.83
132.66
132.5
132.33
132.16
132
131.83
131.66
131.49
131.33
131.16
130.99
130.83
130.66
130.49
130.32
130.16
129.99
129.82
129.66
129.49
129.32
129.16
128.99
128.82
128.66
128.49
128.33
128.16
127.99
127.83
127.66
127.49
127.33
127.16
127
126.83
126.66
126.5
126.33
126.17
126
125.84
125.67
125.5
125.34
125.17
125.01
124.84
124.68
124.51
124.35
124.18
124.02
123.85
123.69
123.52
123.36
123.19
123.03
122.86
122.7
122.53
122.37
122.2
122.04
121.87
121.71
121.55
121.38
121.22
121.05
120.89
120.73
120.56
120.4
120.23
120.07
119.91
119.74
119.58
119.41
119.25
119.09
118.92
118.76
118.6
118.43
118.27
118.11
117.94
117.78
117.62
117.45
117.29
117.13
116.97
116.8
116.64
116.48
116.32
116.15
115.99
115.83
115.67
115.5
115.34
115.18
115.02
114.85
114.69
114.53
114.37
114.21
114.04
113.88
113.72
113.56
113.4
113.24
113.08
112.91
112.75
112.59
112.43
112.27
112.11
111.95
111.79
111.62
111.46
111.3
111.14
110.98
110.82
110.66
110.5
110.34
110.18
110.02
109.86
109.7
109.54
109.38
109.22
109.06
108.9
108.74
108.58
108.42
108.26
108.1
107.94
107.78
107.62
107.46
107.3
107.15
106.99
106.83
106.67
106.51
106.35
106.19
106.03
105.88
105.72
105.56
105.4
105.24
105.08
104.93
104.77
104.61
104.45
104.29
104.14
103.98
103.82
103.66
103.5
103.35
103.19
103.03
102.88
102.72
102.56
102.4
102.25
102.09
101.93
101.78
101.62
101.46
101.31
101.15
100.99
100.84
100.68
100.52
100.37
100.21
100.06
99.901
99.745
99.589
99.433
99.278
99.122
98.967
98.811
98.656
98.501
98.346
98.19
98.035
97.88
97.726
97.571
97.416
97.261
97.107
96.952
96.798
96.644
96.489
96.335
96.181
96.027
95.873
95.719
95.565
95.412
95.258
95.104
94.951
94.797
94.644
94.491
94.338
94.185
94.032
93.879
93.726
93.573
93.42
93.268
93.115
92.963
92.81
92.658
92.506
92.353
92.201
92.049
91.897
91.746
91.594
91.442
91.291
91.139
90.988
90.836
90.685
90.534
90.383
90.232
90.081
89.93
89.779
89.629
89.478
89.327
89.177
89.027
88.876
88.726
88.576
88.426
88.276
88.126
87.976
87.827
87.677
87.528
87.378
87.229
87.08
86.93
86.781
86.632
86.483
86.335
86.186
86.037
85.889
85.74
85.592
85.444
85.295
85.147
84.999
84.851
84.703
84.556
84.408
84.26
84.113
83.965
83.818
83.671
83.524
83.376
83.229
83.083
82.936
82.789
82.642
82.496
82.349
82.203
82.057
81.911
81.765
81.619
81.473
81.327
81.181
81.035
80.89
80.744
80.599
80.454
80.309
80.164
80.019
79.874
79.729
79.584
79.44
79.295
79.151
79.006
78.862
78.718
78.574
78.43
78.286
78.142
77.999
77.855
77.711
77.568
77.425
77.282
77.138
76.995
76.852
76.71
76.567
76.424
76.282
76.139
75.997
75.855
75.713
75.57
75.428
75.287
75.145
75.003
74.862
74.72
74.579
74.437
74.296
74.155
74.014
73.873
73.733
73.592
73.451
73.311
73.17
73.03
72.89
72.75
72.61
72.47
72.33
72.19
72.051
71.911
71.772
71.633
71.493
71.354
71.215
71.076
70.938
70.799
70.66
70.522
70.383
70.245
70.107
69.969
69.831
69.693
69.555
69.417
69.28
69.142
69.005
68.868
68.731
68.594
68.457
68.32
68.183
68.046
67.91
67.773
67.637
67.501
67.365
67.229
67.093
66.957
66.821
66.686
66.55
66.415
66.28
66.144
66.009
65.874
65.739
65.605
65.47
65.335
65.201
65.067
64.933
64.798
64.664
64.531
64.397
64.263
64.129
63.996
63.863
63.729
63.596
63.463
63.33
63.197
63.065
62.932
62.8
62.667
62.535
62.403
62.271
62.139
62.007
61.875
61.744
61.612
61.481
61.35
61.218
61.087
60.956
60.825
60.695
60.564
60.434
60.303
60.173
60.043
59.913
59.783
59.653
59.523
59.394
59.264
59.135
59.005
58.876
58.747
58.618
58.489
58.361
58.232
58.104
57.975
57.847
57.719
57.591
57.463
57.335
57.207
57.08
56.952
56.825
56.698
56.571
56.444
56.317
56.19
56.064
55.937
55.811
55.684
55.558
55.432
55.306
55.18
55.054
54.929
54.803
54.678
54.553
54.428
54.303
54.178
54.053
53.928
53.804
53.679
53.555
53.431
53.307
53.183
53.059
52.935
52.812
52.688
52.565
52.442
52.318
52.195
52.072
51.95
51.827
51.705
51.582
51.46
51.338
51.216
51.094
50.972
50.85
50.729
50.607
50.486
50.365
50.244
50.123
50.002
49.881
49.76
49.64
49.52
49.399
49.279
49.159
49.039
48.92
48.8
48.681
48.561
48.442
48.323
48.204
48.085
47.966
47.848
47.729
47.611
47.492
47.374
47.256
47.138
47.021
46.903
46.786
46.668
46.551
46.434
46.317
46.2
46.083
45.966
45.85
45.733
45.617
45.501
45.385
45.269
45.153
45.038
44.922
44.807
44.692
44.577
44.462
44.347
44.232
44.117
44.003
43.888
43.774
43.66
43.546
43.432
43.319
43.205
43.091
42.978
42.865
42.752
42.639
42.526
42.413
42.301
42.188
42.076
41.964
41.852
41.74
41.628
41.516
41.405
41.293
41.182
41.071
40.96
40.849
40.738
40.628
40.517
40.407
40.297
40.187
40.077
39.967
39.857
39.748
39.638
39.529
39.42
39.311
39.202
39.093
38.984
38.876
38.767
38.659
38.551
38.443
38.335
38.227
38.12
38.012
37.905
37.798
37.691
37.584
37.477
37.37
37.264
37.157
37.051
36.945
36.839
36.733
36.627
36.522
36.416
36.311
36.206
36.101
35.996
35.891
35.787
35.682
35.578
35.474
35.369
35.265
35.162
35.058
34.954
34.851
34.748
34.645
34.542
34.439
34.336
34.233
34.131
34.029
33.926
33.824
33.722
33.621
33.519
33.418
33.316
33.215
33.114
33.013
32.912
32.811
32.711
32.61
32.51
32.41
32.31
32.21
32.111
32.011
31.912
31.812
31.713
31.614
31.515
31.417
31.318
31.22
31.121
31.023
30.925
30.827
30.729
30.632
30.534
30.437
30.34
30.243
30.146
30.049
29.953
29.856
29.76
29.663
29.567
29.472
29.376
29.28
29.185
29.089
28.994
28.899
28.804
28.709
28.615
28.52
28.426
28.332
28.238
28.144
28.05
27.956
27.863
27.769
27.676
27.583
27.49
27.397
27.305
27.212
27.12
27.028
26.936
26.844
26.752
26.66
26.569
26.477
26.386
26.295
26.204
26.114
26.023
25.932
25.842
25.752
25.662
25.572
25.482
25.393
25.303
25.214
25.125
25.036
24.947
24.858
24.769
24.681
24.593
24.505
24.417
24.329
24.241
24.154
24.066
23.979
23.892
23.805
23.718
23.631
23.545
23.458
23.372
23.286
23.2
23.114
23.029
22.943
22.858
22.773
22.688
22.603
22.518
22.433
22.349
22.265
22.18
22.096
22.012
21.929
21.845
21.762
21.678
21.595
21.512
21.43
21.347
21.264
21.182
21.1
21.018
20.936
20.854
20.772
20.691
20.61
20.528
20.447
20.367
20.286
20.205
20.125
20.045
19.964
19.884
19.805
19.725
19.645
19.566
19.487
19.408
19.329
19.25
19.171
19.093
19.015
18.937
18.859
18.781
18.703
18.625
18.548
18.471
18.394
18.317
18.24
18.163
18.087
18.011
17.934
17.858
17.782
17.707
17.631
17.556
17.481
17.405
17.33
17.256
17.181
17.107
17.032
16.958
16.884
16.81
16.736
16.663
16.589
16.516
16.443
16.37
16.297
16.225
16.152
16.08
16.008
15.936
15.864
15.792
15.72
15.649
15.578
15.507
15.436
15.365
15.294
15.224
15.153
15.083
15.013
14.943
14.874
14.804
14.735
14.666
14.596
14.528
14.459
14.39
14.322
14.253
14.185
14.117
14.049
13.982
13.914
13.847
13.78
13.713
13.646
13.579
13.513
13.446
13.38
13.314
13.248
13.182
13.116
13.051
12.986
12.92
12.855
12.791
12.726
12.661
12.597
12.533
12.469
12.405
12.341
12.278
12.214
12.151
12.088
12.025
11.962
11.899
11.837
11.775
11.712
11.65
11.589
11.527
11.465
11.404
11.343
11.282
11.221
11.16
11.1
11.039
10.979
10.919
10.859
10.799
10.74
10.68
10.621
10.562
10.503
10.444
10.385
10.327
10.269
10.21
10.152
10.095
10.037
9.9794
9.922
9.8648
9.8078
9.7509
9.6942
9.6376
9.5812
9.525
9.4689
9.413
9.3572
9.3016
9.2462
9.1909
9.1358
9.0808
9.0261
8.9714
8.917
8.8627
8.8085
8.7545
8.7007
8.6471
8.5936
8.5402
8.4871
8.4341
8.3812
8.3285
8.276
8.2236
8.1714
8.1194
8.0675
8.0158
7.9643
7.9129
7.8617
7.8106
7.7597
7.709
7.6584
7.608
7.5577
7.5076
7.4577
7.408
7.3584
7.3089
7.2596
7.2105
7.1616
7.1128
7.0642
7.0157
6.9674
6.9193
6.8714
6.8236
6.7759
6.7284
6.6811
6.634
6.587
6.5402
6.4935
6.447
6.4007
6.3545
6.3085
6.2627
6.217
6.1715
6.1262
6.081
6.036
5.9911
5.9464
5.9019
5.8576
5.8134
5.7693
5.7255
5.6818
5.6382
5.5949
5.5517
5.5086
5.4658
5.423
5.3805
5.3381
5.2959
5.2539
5.212
5.1702
5.1287
5.0873
5.0461
5.005
4.9641
4.9234
4.8828
4.8424
4.8022
4.7621
4.7222
4.6825
4.6429
4.6035
4.5643
4.5252
4.4863
4.4476
4.409
4.3706
4.3323
4.2942
4.2563
4.2186
4.181
4.1436
4.1063
4.0693
4.0323
3.9956
3.959
3.9226
3.8863
3.8503
3.8143
3.7786
3.743
3.7076
3.6723
3.6373
3.6023
3.5676
3.533
3.4986
3.4643
3.4302
3.3963
3.3626
3.329
3.2956
3.2623
3.2292
3.1963
3.1636
3.131
3.0986
3.0663
3.0343
3.0023
2.9706
2.939
2.9076
2.8764
2.8453
2.8144
2.7836
2.7531
2.7227
2.6924
2.6623
2.6324
2.6027
2.5731
2.5437
2.5145
2.4854
2.4565
2.4278
2.3992
2.3709
2.3426
2.3146
2.2867
2.259
2.2314
2.204
2.1768
2.1497
2.1229
2.0961
2.0696
2.0432
2.017
1.991
1.9651
1.9394
1.9139
1.8885
1.8633
1.8383
1.8134
1.7887
1.7642
1.7398
1.7156
1.6916
1.6678
1.6441
1.6206
1.5972
1.574
1.551
1.5282
1.5055
1.483
1.4607
1.4385
1.4165
1.3947
1.373
1.3515
1.3302
1.309
1.2881
1.2673
1.2466
1.2261
1.2058
1.1857
1.1657
1.1459
1.1263
1.1068
1.0875
1.0684
1.0494
1.0307
1.012
0.99359
0.97531
0.9572
0.93926
0.92149
0.90389
0.88645
0.86919
0.8521
0.83517
0.81842
0.80183
0.78541
0.76917
0.75309
0.73718
0.72144
0.70587
0.69047
0.67524
0.66018
0.64529
0.63057
0.61602
0.60164
0.58742
0.57338
0.55951
0.5458
0.53227
0.5189
0.50571
0.49268
0.47983
0.46714
0.45463
0.44228
0.4301
0.4181
0.40626
0.39459
0.3831
0.37177
0.36061
0.34962
0.3388
0.32816
0.31768
0.30737
0.29723
0.28726
0.27746
0.26783
0.25837
0.24908
0.23997
0.23102
0.22224
0.21363
0.20519
0.19692
0.18882
0.18089
0.17313
0.16554
0.15812
0.15087
0.14379
0.13688
0.13014
0.12357
0.11718
0.11095
0.10489
0.098998
0.093279
0.087731
0.082352
0.077143
0.072105
0.067236
0.062538
0.05801
0.053652
0.049464
0.045446
0.041599
0.037921
0.034414
0.031077
0.02791
0.024913
0.022086
0.019429
0.016943
0.014627
0.012481
0.010505
0.008699
0.0070634
0.005598
0.0043028
0.0031777
0.0022228
0.0014381
0.00082358
0.00037923
0.00010505
1.0505e-06
0
0
0
0
0
0
0
0
0
0
0
0
0
0
0
0
0
0
0
0
0
0
0
0
0
0
0
0
0
0
0
0
0
0
0
0
0
0
0
0
0
0
0
0
0
0
0
0
0
0
0
0
0
0
0
0
0
0
0
0
0
0
0
0
0
0
0
0
0
0
0
0
0
0
0
0
0
0
0
0
0
0
0
0
0
0
0
0
0
0
0
0
0
0
0
0
0
0
0
0
0
0
0
0
0
0
0
0
0
0
0
0
0
0
0
0
0
0
0
0
0
0
0
0
0
0
0
0
0
0
0
0
0
0
0
0
0
0
0
0
0
0
0
0
0
0
0
0
0
0
0
0
0
0
0
0
0
0
0
0
0
0
0
0
0
0
0
0
0
0
0
0
0
0
0
0
0
0
0
0
0
0
0
0
0
0
0
0
0
0
0
0
0
0
0
0
0
0
0
0
0
0
0
0
0
0
0
0
0
0
0
0
0
0
0
0
0
0
0
0
0
0
0
0
0
0
0
0
0
0
0
0
0
0
0
0
0
0
0
0
0
0
0
0
0
0
0
0
0
0
0
0
0
0
0
0
0
0
0
0
0
0
0
0
0
0
0
0
0
0
0
0
0
0
0
0
0
0
0
0
0
0
0
0
0
0
0
0
0
0
0
0
0
0
0
0
0
0
0
0
0
0
0
0
0
0
0
0
0
0
0
0
0
0
0
0
0
0
0
0
0
0
0
0
0
0
0
0
0
0
0
0
0
0
0
0
0
0
0
0
0
0
0
0
0
0
0
0
0
0
0
0
0
0
0
0
0
0
0
0
0
0
0
0
0
0
0
0
0
0
0
0
0
0
0
0
0
0
0
0
0
0
0
0
0
0
0
0
0
0
0
0
0
0
0
0
0
0
0
0
0
0
0
0
0
0
0
0
0
0
0
0
0
0
0
0
0
0
0
0
0
0
0
0
0
0
0
0
0
0
0
0
0
0
0
0
0
0
0
0
0
0
0
0
0
0
0
0
0
0
0
0
0
0
0
0
0
0
0
0
0
0
0
0
0
0
0
0
0
0
0
0
0
0
0
0
0
0
0
0
0
0
0
0
0
0
0
0
0
0
0
0
0
0
0
0
0
0
0
0
0
0
0
0
0
0
0
0
0
0
0
0
0
0
0
0
0
0
0
0
0
0
0
0
0
0
0
0
0
0
0
0
0
0
0
0
0
0
0
0
0
0
0
0
0
0
0
0
0
0
0
0
0
0
0
0
0
0
0
0
0
0
0
0
0
0
0
0
0
0
0
0
0
0
0
0
0
0
0
0
0
0
0
0
0
0
0
0
0
0
0
0
0
0
0
0
0
0
0
0
0
0
0
0
0
0
0
0
0
0
0
0
0
0
0
0
0
0
0
0
0
0
0
0
0
0
0
0
0
0
0
0
0
0
0
0
0
0
0
0
0
0
0
0
0
0
0
0
0
0
0
0
0
0
0
0
0
0
0
0
0
0
0
0
0
0
0
0
0
0
0
0
0
0
0
0
0
0
0
0
0
0
0
0
0
0
0
0
0
0
0
0
0
0
0
0
0
0
0
0
0
0
0
0
0
0
0
0
0
0
0
0
0
0
0
0
0
0
0
0
0
0
0
0
0
0
0
0
0
0
0
0
0
0
0
0
0
0
0
0
0
0
0
0
0
0
0
0
0
0
0
0
0
0
0
0
0
0
0
0
0
0
0
0
0
0
0
0
0
0
0
0
0
0
0
0
0
0
0
0
0
0
0
0
0
0
0
0
0
0
0
0
0
0
0
0
0
0
0
0
0
0
0
0
0
0
0
0
0
0
0
0
0
0
0
0
0
0
0
0
0
0
0
0
0
0
0
0
0
0
0
0
0
0
0
0
0
0
0
0
0
0
0
0
0
0
0
0
0
0
0
0
0
0
0
0
0
0
0
0
0
0
0
0
0
0
0
0
0
0
0
0
0
0
0
0
0
0
0
0
0
0
0
0
0
0
0
0
0
0
0
0
0
0
0
0
0
0
0
0
0
0
0
0
0
0
0
0
0
0
0
0
0
0
0
0
0
0
0
0
0
0
0
0
0
0
0
0
0
0
0
0
0
0
0
0
0
0
0
0
0
0
0
0
0
0
0
0
0
0
0
0
0
0
0
0
0
0
0
0
0
0
0
0
0
0
0
0
0
0
0
0
0
0
0
0
0
0
0
0
0
0
0
0
0
0
0
0
0
0
0
0
0
0
0
0
0
0
0
0
0
0
0
0
0
0
0
0
0
0
0
0
0
0
0
0
0
0
0
0
0
0
0
0
0
0
0
0
0
0
0
0
0
0
0
0
0
0
0
0
0
0
0
0
0
0
0
0
0
0
0
0
0
0
0
0
0
0
0
0
0
0
0
0
0
0
0
0
0
0
0
0
0
0
0
0
0
0
0
0
0
0
0
0
0
0
0
0
0
0
0
0
0
0
0
0
0
0
0
0
0
0
0
0
0
0
0
0
0
0
0
0
0
0
0
0
0
0
0
0
0
0
0
0
0
0
0
0
0
0
0
0
0
0
0
0
0
0
0
0
0
0
0
0
0
0
0
0
0
0
0
0
0
0
0
0
0
0
0
0
0
0
0
0
0
0
0
0
0
0
0
0
0
0
0
0
0
0
0
0
0
0
0
0
0
0
0
0
0
0
0
0
0
0
0
0
0
0
0
0
0
0
0
0
0
0
0
0
0
0
0
0
0
0
0
0
0
0
0
0
0
0
0
0
0
0
0
0
0
0
0
0
0
0
0
0
0
0
0
0
0
0
0
0
0
0
0
0
0
0
0
0
0
0
0
0
0
0
0
0
0
0
0
0
0
0
0
0
0
0
0
0
0
0
0
0
0
0
0
0
0
0
0
0
0
0
0
0
0
0
0
0
0
0
0
0
0
0
0
0
0
0
0
0
0
0
0
0
0
0
0
0
0
0
0
0
0
0
0
0
0
0
0
0
0
0
0
0
0
0
0
0
0
0
0
0
0
0
0
0
0
0
0
0
0
0
0
0
0
0
0
0
0
0
0
0
0
0
0
0
0
0
0
0
0
0
0
0
0
0
0
0
0
0
0
0
0
0
0
0
0
0
0
0
0
0
0
0
0
0
0
0
0
0
0
0
0
0
0
0
0
0
0
0
0
0
0
0
0
0
0
0
0
0
0
0
0
0
0
0
0
0
0
0
0
0
0
0
0
0
0
0
0
0
0
0
0
0
0
0
0
0
0
0
0
0
0
0
0
0
0
0
0
0
0
0
0
0
0
0
0
0
0
0
0
0
0
0
0
0
0
0
0
0
0
0
0
0
0
0
0
0
0
0
0
0
0
0
0
0
0
0
0
0
0
0
0
0
0
0
0
0
0
0
0
0
0
0
0
0
0
0
0
0
0
0
0
0
0
0
0
0
0
0
0
0
0
0
0
0
0
0
0
0
0
0
0
0
0
0
0
0
0
0
0
0
0
0
0
0
0
0
0
0
0
0
0
0
0
0
0
0
0
0
0
0
0
0
0
0
0
0
0
0
0
0
0
0
0
0
0
0
0
0
0
0
0
0
0
0
0
0
0
0
0
0
0
0
0
0
0
0
0
0
0
0
0
0
0
0
0
0
0
0
0
0
0
0
0
0
0
0
0
0
0
0
0
0
0
0
0
0
0
0
0
0
0
0
0
0
0
0
0
0
0
0
0
0
0
0
0
0
0
0
0
0
0
0
0
0
0
0
0
0
0
0
0
0
0
0
0
0
0
0
0
0
0
0
0
0
0
0
0
0
0
0
0
0
0
0
0
0
0
0
0
0
0
0
0
0
0
0
0
0
0
0
0
0
0
0
0
0
0
0
0
0
0
0
0
0
0
0
0
0
0
0
0
0
0
0
0
0
0
0
0
0
0
0
0
0
0
0
0
0
0
0
0
0
0
0
0
0
0
0
0
0
0
0
0
0
0
0
0
0
0
0
0
0
0
0
0
0
0
0
0
0
0
0
0
0
0
0
0
0
0
0
0
0
0
0
0
0
0
0
0
0
0
0
0
0
0
0
0
0
0
0
0
0
0
0
0
0
0
0
0
0
0
0
0
0
0
0
0
0
0
0
0
0
0
0
0
0
0
0
0
0
0
0
0
0
0
0
0
0
0
0
0
0
0
0
0
0
0
0
0
0
0
0
0
0
0
0
0
0
0
0
0
0
0
0
0
0
0
0
0
0
0
0
0
0
0
0
0
0
0
0
0
0
0
0
0
0
0
0
0
0
0
0
0
0
0
0
0
0
0
0
0
0
0
0
0
0
0
0
0
0
0
0
0
0
0
0
0
0
0
0
0
0
0
0
0
0
0
0
0
0
0
0
0
0
0
0
0
0
0
0
0
0
0
0
0
0
0
0
0
0
0
0
0
0
0
0
0
0
0
0
0
0
0
0
0
0
0
0
0
0
0
0
0
0
0
0
0
0
0
0
0
0
0
0
0
0
0
0
0
0
0
0
0
0
0
0
0
0
0
0
0
0
0
0
0
0
0
0
0
0
0
0
0
0
0
0
0
0
0
0
0
0
0
0
0
0
0
0
0
0
0
0
0
0
0
0
0
0
0
0
0
0
0
0
0
0
0
0
0
0
0
0
0
0
0
0
0
0
0
0
0
0
0
0
0
0
0
0
0
0
0
0
0
0
0
0
0
0
0
0
0
0
0
0
0
0
0
0
0
0
0
0
0
0
0
0
0
0
0
0
0
0
0
0
0
0
0
0
0
0
0
0
0
0
0
0
0
0
0
0
0
0
0
0
0
0
0
0
0
0
0
0
0
0
0
0
0
0
0
0
0
0
0
0
0
0
0
0
0
0
0
0
0
0
0
0
0
0
0
0
0
0
0
0
0
0
0
0
0
0
0
0
0
0
0
0
0
0
0
0
0
0
0
0
0
0
0
0
0
0
0
0
0
0
0
0
0
0
0
0
0
0
0
0
0
0
0
0
0
0
0
0
0
0
0
0
0
0
0
0
0
0
0
0
0
0
0
0
0
0
0
0
0
0
0
0
0
0
0
0
0
0
0
0
0
0
0
0
0
0
0
0
0
0
0
0
0
0
0
0
0
0
0
0
0
0
0
0
0
0
0
0
0
0
0
0
0
0
0
0
0
0
0
0
0
0
0
0
0
0
0
0
0
0
0
0
0
0
0
0
0
0
0
0
0
0
0
0
0
0
0
0
0
0
0
0
0
0
0
0
0
0
0
0
0
0
0
0
0
0
0
0
0
0
0
0
0
0
0
0
0
0
0
0
0
0
0
0
0
0
0
0
0
0
0
0
0
0
0
0
0
0
0
0
0
0
0
0
0
0
0
0
0
0
0
0
0
0
0
0
0
0
0
0
0
0
0
0
0
0
0
0
0
0
0
0
0
0
0
0
0
0
0
0
0
0
0
0
0
0
0
0
0
0
0
0
0
0
0
0
0
0
0
0
0
0
0
0
0
0
0
0
0
0
0
0
0
0
0
0
0
0
0
0
0
0
0
0
0
0
0
0
0
0
0
0
0
0
0
0
0
0
0
0
0
0
0
0
0
0
0
0
0
0
0
0
0
0
0
0
0
0
0
0
0
0
0
0
0
0
0
0
0
0
0
0
0
0
0
0
0
0
0
0
0
0
0
0
0
0
0
0
0
0
0
0
0
0
0
0
0
0
0
0
0
0
0
0
0
0
0
0
0
0
0
0
0
0
0
0
0
0
0
0
0
0
0
0
0
0
0
0
0
0
0
0
0
0
0
0
0
0
0
0
0
0
0
0
0
0
0
0
0
0
0
0
0
0
0
0
0
0
0
0
0
0
0
0
0
0
0
0
0
0
0
0
0
0
0
0
0
0
0
0
0
0
0
0
0
0
0
0
0
0
0
0
0
0
0
0
0
0
0
0
0
0
0
0
0
0
0
0
0
0
0
0
0
0
0
0
0
0
0
0
0
0
0
0
0
0
0
0
0
0
0
0
0
0
0
0
0
0
0
0
0
0
0
0
0
0
0
0
0
0
0
0
0
0
0
0
0
0
0
0
0
0
0
0
0
0
0
0
0
0
0
0
0
0
0
0
0
0
0
0
0
0
0
0
0
0
0
0
0
0
0
0
0
0
0
0
0
0
0
0
0
0
0
0
0
0
0
0
0
0
0
0
0
0
0
0
0
0
0
0
0
0
0
0
0
0
0
0
0
0
0
0
0
0
0
0
0
0
0
0
0
0
0
0
0
0
0
0
0
0
0
0
0
0
0
0
0
0
0
0
0
0
0
0
0
0
0
0
0
0
0
0
0
0
0
0
0
0
0
0
0
0
0
0
0
0
0
0
0
0
0
0
0
0
0
0
0
0
0
0
0
0
0
0
0
0
0
0
0
0
0
0
0
0
0
0
0
0
0
0
0
0
0
0
0
0
0
0
0
0
0
0
0
0
0
0
0
0
0
0
0
0
0
0
0
0
0
0
0
0
0
0
0
0
0
0
0
0
0
0
0
0
0
0
0
0
0
0
0
0
0
0
0
0
0
0
0
0
0
0
0
0
0
0
0
0
0
0
0
0
0
0
0
0
0
0
0
0
0
0
0
0
0
0
0
0
0
0
0
0
0
0
0
0
0
0
0
0
0
0
0
0
0
0
0
0
0
0
0
0
0
0
0
0
0
0
0
0
0
0
0
0
0
0
0
0
0
0
0
0
0
0
0
0
0
0
0
0
0
0
0
0
0
0
0
0
0
0
0
0
0
0
0
0
0
0
0
0
0
0
0
0
0
0
0
0
0
0
0
0
0
0
0
0
0
0
0
0
0
0
0
0
0
0
0
0
0
0
0
0
0
0
0
0
0
0
0
0
0
0
0
0
0
0
0
0
0
0
0
0
0
0
0
0
0
0
0
0
0
0
0
0
0
0
0
0
0
0
0
0
0
0
0
0
0
0
0
0
0
0
0
0
0
0
0
0
0
0
0
0
0
0
0
0
0
0
0
0
0
0
0
0
0
0
0
0
0
0
0
0
0
0
0
0
0
0
0
0
0
0
0
0
0
0
0
0
0
0
0
0
0
0
0
0
0
0
0
0
0
0
0
0
0
0
0
0
0
0
0
0
0
0
0
0
0
0
0
0
0
0
0
0
0
0
0
0
0
0
0
0
0
0
0
0
0
0
0
0
0
0
0
0
0
0
0
0
0
0
0
0
0
0
0
0
0
0
0
0
0
0
0
0
0
0
0
0
0
0
0
0
0
0
0
0
0
0
0
0
0
0
0
0
0
0
0
0
0
0
0
0
0
0
0
0
0
0
0
0
0
0
0
0
0
0
0
0
0
0
0
0
0
0
0
0
0
0
0
0
0
0
0
0
0
0
0
0
0
0
0
0
0
0
0
0
0
0
0
0
0
0
0
0
0
0
0
0
0
0
0
0
0
0
0
0
0
0
0
0
0
0
0
0
0
0
0
0
0
0
0
0
0
0
0
0
0
0
0
0
0
0
0
0
0
0
0
0
0
0
0
0
0
0
0
0
0
0
0
0
0
0
0
0
0
0
0
0
0
0
0
0
0
0
0
0
0
0
0
0
0
0
0
0
0
0
0
0
0
0
0
0
0
0
0
0
0
0
0
0
0
0
0
0
0
0
0
0
0
0
0
0
0
0
0
0
0
0
0
0
0
0
0
0
0
0
0
0
0
0
0
0
0
0
0
0
0
0
0
0
0
0
0
0
0
0
0
0
0
0
0
0
0
0
0
0
0
0
0
0
0
0
0
0
0
0
0
0
0
0
0
0
0
0
0
0
0
0
0
0
0
0
0
0
0
0
0
0
0
0
0
0
0
0
0
0
0
0
0
0
0
0
0
0
0
0
0
0
0
0
0
0
0
0
0
0
0
0
0
0
0
0
0
0
0
0
0
0
0
0
0
0
0
0
0
0
0
0
0
0
0
0
0
0
0
0
0
0
0
0
0
0
0
0
0
0
0
0
0
0
0
0
0
0
0
0
0
0
0
0
0
0
0
0
0
0
0
0
0
0
0
0
0
0
0
0
0
0
0
0
0
0
0
0
0
0
0
0
0
0
0
0
0
0
0
0
0
0
0
0
0
0
0
0
0
0
0
0
0
0
0
0
0
0
0
0
0
0
0
0
0
0
0
0
0
0
0
0
0
0
0
0
0
0
0
0
0
0
0
0
0
0
0
